image: aerialMIT_map.tif
resolution: 4.8825 # 0.048825
origin: [0.0000, 0.0000, 0.000000]
negate: 0
occupied_thresh: 0.65
free_thresh: 0.196

