image: maps/gmapping_wamv_4.pgm
resolution: 0.750000
origin: [-105.750000, -33.750000, 0.000000]
negate: 0
occupied_thresh: 0.65
free_thresh: 0.196

