image: gmapping_5.pgm
resolution: 0.750000
origin: [-105.750000, -81.750000, 0.000000]
negate: 0
occupied_thresh: 0.65
free_thresh: 0.196

